6951124754499
6951124754499
6951124754512
6951124754512
6951124754550
6951124754550
6951124702001
6951124702032
6923644278533
6923644278540
6923644278557
6934665090530
6934665090882
9556156047648
9556156048317
8850367992775
077521326155
077521326155
8888001788071
8888001788071
8888001788071
8888001788071
8888001788095
8888001788095
8888001788095
8888001788095
8888001800711
8888001800711
9556156047969
9556156047969
9556156047969
9556156047969
9556156048089
9556156048997
9556156048997
9556156048997
9556156048997
8888001740956
8888001740956
8888001740956
8888001740956
8888001740956
8888001740956
8888001740956
8888001740956
8888001740970
8888001740970
8888001740970
8888001740970
8888001740994
8888001740994
8888001740994
8888001740994
8888001740994
8888001740994
8888001740994
8888001740994
8888001741014
8888001741014
8888001741014
8888001741014
8888001741014
8888001741014
8888001741014
8888001741014
8888001741038
8888001741038
8888001741038
8888001741038
8888001741038
8888001741038
8888001741038
8888001741038
8888001741052
8888001741052
8888001741052
8888001741052
8888001741052
8888001741052
8888001741052
8994391013270
8994391013270
8994391013270
8994391013287
8994391013287
8994391013287
8994391013294
8994391013294
8994391013294
8994391013300
8994391013300
8994391013300
8994391013317
8994391013317
8994391013317
8994391013492
8851932337533
8851932337540
8851932337557
8851932337564
8851932337571
8851932337588